oct15 water 337  4  2337036  2337037  2337038  2337039
oct15 water 369  4  2369036  2369037  2369038  2369039
oct15 water 385  4  2385036  2385037  2385038  2385039
oct15 water 420  4  2420036  2420037  2420038  2420039
oct15 water 505  4  2505036  2505037  2505038  2505039
dec17 water 337  4   107705   107795   107801   107823
dec17 water 369  4   107708   107797   107799   107825
dec17 water 385  4   107703   107793   107803   107821
dec17 water 420  4   107696   107789   107807   107815
dec17 water 450  4   107699   107791   107805   107817
dec17 water 505  4   107694   107787   107809   107813 
