1  
100 
101 
102 
104 
105 
62 
146 
147 
148 
149 
91 
142 
143 
144 
145 
193 
194 
195 
196 
190 
191 
192 
79 
106 
107 
108 
154 
155 
157 
150 
151 
152 
153 
201 
202 
204 
197 
198 
199 
200 
67 
89 
158 
160 
208 
209 
210 
205 
206 
207 
64 
211 
212 
213 
235 
236
237  
232 
233 
234 
278 
279 
280 
281 
274 
275 
276 
277 
325 
326 
327 
322 
323 
324 
92 
71 
238 
239 
286 
287 
282 
283 
284 
285 
334 
333 
335 
336 
329 
330 
331 
332 
72 
290 
291 
292 
293 
341 
342 
337 
338 
339 
344 
345 
367 
364 
365 
366 
410 
411 
412 
413 
406 
407 
408 
409 
78 
457 
458 
459 
454 
455 
456 
370 
371 
372 
418 
419 
414 
415 
416 
417 
465 
466 
467 
468 
461 
462 
463 
464 
82 
40 
422 
469 
470 
471 
501 
499 
496 
497 
498 
542 
543 
544 
545 
538 
539 
540 
541 
80 
589 
590 
591 
592 
586 
587 
588 
44 
503 
550 
551 
553 
547 
548 
549 
546 
599 
600 
593
594 
595 
596 
83 
45 
554 
555 
556 
557 
605 
601 
602 
603 
608 
609 
46 
628 
629 
630 
674 
675 
676 
677 
670 
671 
672 
673 
84 
721 
722 
723 
724 
718 
719 
720 
53 
635 
682 
683 
685 
678 
679 
680 
681 
729 
730 
731 
732 
725 
726 
727 
728 
686 
54 
733 
734 
735 
86 
738 
55 
