2.00000   0.385400    0.        0.         0.
2.20000   0.823100    6.22129   0.        -1.64657E-05
2.40000    1.46100    5.14480   0.         6.58626E-05
2.60000    2.31800    6.06467   0.        -2.46985E-04
2.80000    3.41300    6.29638   0.         9.22077E-04
3.00000    4.76100    6.69981   0.        -3.44132E-03
3.20000    6.37700    7.10431   0.         1.28432E-02
3.40000    8.27400    7.03306   0.        -4.79315E-02
3.60000   10.46000    8.11376   0.         0.178883
3.80000    12.9600    7.61154   0.        -0.667600
4.00000    15.7700    7.94010   0.         2.49152
4.20000    18.9000    8.62844   0.106500    6.67656
4.40000    22.3700    8.54522   0.439700    4.80716
4.60000    26.1800    8.19171   0.983200    5.63994
4.80000    30.3300    9.68645    1.74800    5.82785
5.00000    34.8500    8.56385    2.74700    6.17897
5.20000    39.7300   10.05862    3.99300    6.50636
5.40000    44.9800    6.69967    5.49800    6.64506
5.60000    50.6000    18.6445    7.27000    6.96390
5.80000    56.6100   -22.7793    9.31900    7.04869
6.00000    62.3900    37.9742    11.6500    7.14196
6.20000    69.0400    1.38320    14.2700    7.73374
6.40000    76.0600    11.9899    17.1900    6.92196
6.60000    83.4700    9.16079    20.4000    8.07934
6.80000    91.2700    9.86294    23.9200    7.25968
7.00000    99.4500    8.39104    27.7400    7.88312
7.20000    108.000    12.0735    31.8700    7.70809
7.40000    117.000    10.8113    36.3100    7.78288
7.60000    126.400    4.68488    41.0600    7.66195
7.80000    136.100    15.4462    46.1200    8.06718
8.00000    146.300    8.53271    51.5000    8.07168
8.20000    156.900   10.42211    57.1900    6.14583
8.40000    167.900    9.78041    63.2000    15.3456
8.60000    179.300   10.44942    69.6700    1.46639
8.80000    191.100    8.42914    76.3500   10.29377
9.00000    203.300    15.8332    83.3600    6.85897
9.20000    216.000    3.23835    90.6800    8.77003
9.40000    229.000    16.2139    98.3300    7.56135
9.60000    242.500    6.89617    106.300    8.97874
9.80000    256.400    16.2102    114.600    6.02847
10.00000    270.800    3.26296    123.200    11.9080
10.20000    285.500    15.7407    132.200    6.33980
10.40000    300.700    8.77446    141.500    7.73341
10.6000    316.300    9.14468    151.100    7.72008
10.8000    332.300    14.6616    161.000    6.39122
11.0000    348.800    7.20891    171.200    11.7156
11.2000    365.700    16.5067    181.800    6.74765
11.4000    383.100    1.75985    192.700    6.29209
11.6000    400.800    21.4394    203.900    13.0764
11.8000    419.100    2.50041    215.500    1.41183
12.0000    437.700    13.5574    227.300    11.2759
12.5000    486.300    11.4371    258.400    6.26169
13.0000    537.800   10.29468    291.400    9.27755
13.5000    592.000    12.1844    326.500    7.02824
14.0000    649.100   10.56674    363.500    8.20933
14.5000    709.000    12.7498    402.500    8.13444
15.0000    771.900   10.43404    443.500    7.25290
15.5000    837.600    12.7123    486.400    8.45381
16.0000    906.300    10.7183    531.300    6.93185
16.5000    978.000    16.4146    578.000    7.01923
17.0000    1053.00    2.82305    626.700    12.9912
17.5000    1130.00    20.2932    677.300   -13.3850
18.0000    1211.00    12.0041    727.900    40.5502
18.5000    1295.00    3.69046    784.100   -14.4179
19.0000    1381.00    21.2341    840.200    14.7236
19.5000    1471.00    7.37321    898.300    3.52210
20.0000    1564.00    21.2731    958.100    11.9883
20.5000    1661.00    3.53447    1020.00   -1.07449
21.0000    1760.00    12.5890    1083.00    18.7090
21.5000    1862.00    18.1094    1149.00   -1.76166
22.0000    1968.00    10.9734    1216.00    12.3376
22.5000    2077.00    9.99717    1285.00   0.411208
23.0000    2189.00    21.0379    1355.00   10.01756
23.5000    2305.00    1.85103    1427.00    7.51857
24.0000    2423.00    19.5579    1501.00    7.90816
24.5000    2545.00    15.9172    1577.00    8.84878
25.0000    2671.00    12.7733    1655.00    4.69673
26.0000    2932.00    7.72153    1815.00    5.48542
27.0000    3206.00    34.3406    1981.00    9.36158
28.0000    3494.00   -61.0839    2155.00    5.06828
29.0000    3769.00    131.995    2335.00    6.36531
30.0000    4112.00   -58.8957    2521.00    5.47048
31.0000    4443.00    31.5878    2713.00    7.75278
32.0000    4787.00   10.54465    2912.00    5.51840
33.0000    5146.00    16.2336    3117.00    6.17361
34.0000    5520.00    14.5208    3328.00    5.78716
35.0000    5909.00    15.6830    3545.00    6.67775
36.0000    6313.00    12.7471    3768.00    3.50183
37.0000    6731.00    17.3285    3996.00    9.31491
38.0000    7165.00    13.9390    4231.00    1.23852
39.0000    7614.00    16.9154    4470.00    9.73102
40.0000    8079.00    14.3995    4716.00    1.83740
41.0000    8559.00    15.4867    4966.00    6.91936
42.0000    9055.00    19.6538    5222.00    6.48514
43.0000    9567.00    1.89799    5484.00    3.14007
44.0000   10090.00    38.7542    5750.00    4.95456
45.0000    10640.0    5.08519    6021.00    7.04168
46.0000    11200.0   0.905034    6298.00    2.87871
47.0000    11770.0    51.2947    6579.00    5.44349
48.0000    12370.0   -26.0837    6865.00    5.34734
49.0000    12970.0    53.0402    7156.00    3.16716
50.0000    13600.0   -6.07709    7451.00    5.98401
51.0000    14240.0    31.2681    7751.00    2.89680
52.0000    14900.0    1.00451    8055.00    6.42880
53.0000    15570.0    24.7138    8364.00    1.38802
54.0000    16260.0    20.1402    8676.00    6.01913
55.0000    16970.0    14.7254    8993.00    4.53545
60.0000    20760.0    18.2311    10640.0    2.79108
65.0000    24980.0    15.5503    12370.0    4.22023
70.0000    29610.0    17.9676    14190.0    1.92799
75.0000    34670.0    15.7792    16070.0    2.46782
80.0000    40140.0    17.3157    18010.0    2.60074
85.0000    46030.0    15.7579    20010.0    1.52922
90.0000    52320.0    15.6527    22050.0   0.882375
95.0000    59000.0    15.2315    24120.0    2.14128
100.0000    66060.0    14.6214    26230.0   0.152517
110.000    81270.0    13.9200    30490.0   0.871809
120.000    97840.0    11.2986    34810.0   -3.97540E-02
130.000    115600.    12.2855    39140.0  -0.112793
140.000    134500.    7.95923    43460.0  -0.109073
150.000    154300.    9.87754    47760.0  -0.650914
160.000    175000.    6.53062    52010.0  -0.287272
170.000    196300.  0.    56230.0  0.
#.END-OF-FILE
