oct04 337 xzscan  6  46501 46534 46554 46560 46581 46587     0     0     0     0
oct04 337 xnzscan 6  46501 46605 46612 46630 46685 46702     0     0     0     0
oct04 365 xzscan  6  46499 46536 46551 46562 46577 46589     0     0     0     0
oct04 365 xnzscan 6  46499 46603 46614 46628 46687 46700     0     0     0     0
oct04 386 xzscan  6  46497 46538 46549 46565 46575 46591     0     0     0     0
oct04 386 xnzscan 6  46497 46601 46616 46626 46689 46699     0     0     0     0
oct04 420 xzscan  6  46493 46540 46547 46569 46571 46595     0     0     0     0
oct04 420 xnzscan 6  46493 46597 46620 46622 46691 46697     0     0     0     0
oct04 500 xzscan  6  46495 46543 46545 46567 46573 46593     0     0     0     0
oct04 500 xnzscan 6  46495 46599 46618 46624 46693 46695     0     0     0     0
oct04 620 xzscan  6  46503 46532 46556 46558 46583 46585     0     0     0     0
oct04 620 xzscan  6  46503 46607 46609 46632 46683 46704     0     0     0     0
jul04 337 xzscan   6 44074 44098 44102 44129 44131 44157     0     0     0     0
jul04 337 xnzscan  6 44074 44159 44181 44183 44205 44271     0     0     0     0
jul04 365 xzscan   6 44076 44096 44104 44127 44135 44155     0     0     0     0
jul04 365 xnzscan  6 44076 44161 44179 44185 44203 44269     0     0     0     0
jul04 386 xzscan   7 44078 44079 44094 44106 44125 44138 44153     0	 0     0
jul04 386 xnzscan  7 44078 44079 44163 44177 44187 44201 44267     0	 0     0
jul04 420 xzscan   6 44083 44092 44108 44123 44141 44151     0     0     0     0
jul04 420 xnzscan  6 44083 44165 44175 44189 44199 44265     0     0     0     0
jul04 500 xzscan   6 44086 44088 44110 44120 44143 44149     0     0     0     0
jul04 500 xnzscan  6 44086 44167 44173 44191 44197 44260     0     0     0     0
jul04 620 xzscan   6 44072 44090 44112 44118 44145 44147     0     0     0     0
jul04 620 xnzscan  6 44072 44169 44171 44193 44195 44263     0     0     0     0
oct03 337 xzscan   5 34752 34772 34786 34788 34812     0     0     0     0     0
oct03 337 xnzscan  5 34752 34907 34930 34934 35003     0     0     0     0     0
oct03 365 xzscan   5 34756 34770 34784 34790 34810     0     0     0     0     0
oct03 365 xnzscan  5 34756 34909 34932 34940 35005     0     0     0     0     0
oct03 386 xzscan   5 34758 34768 34782 34792 34808     0     0     0     0     0
oct03 386 xnzscan  5 34758 34914 34926 34948 34958     0     0     0     0     0
oct03 420 xzscan   5 34760 34766 34780 34794 34806     0     0     0     0     0
oct03 420 xnzscan  5 34760 34916 34924 34950 34956     0     0     0     0     0
oct03 500 xzscan   5 34762 34764 34778 34796 34804     0     0     0     0     0
oct03 500 xnzscan  6 34762 34918 34922 34952 34954 35008     0     0     0     0
oct03 620 xzscan   5 34748 34774 34776 34798 34802     0     0     0     0     0
oct03 620 xnzscan  5 34748 34912 34928 34946 34960     0     0     0     0     0
aug03 337 xzscan   6 33092 33118 33120 33140 33142 33161     0     0     0     0
aug03 337 xnzscan  6 33092 33163 33181 33183 33201 33203     0     0     0     0
aug03 365 xzscan   6 33094 33116 33123 33138 33144 33159     0     0     0     0
aug03 365 xnzscan  6 33094 33165 33179 33185 33199 33205     0     0     0     0
aug03 386 xzscan   6 33097 33110 33125 33135 33146 33157     0     0     0     0
aug03 386 xnzscan  6 33097 33167 33177 33187 33197 33207     0     0     0     0
aug03 420 xzscan   6 33099 33108 33127 33133 33148 33155     0     0     0     0
aug03 420 xnzscan  6 33099 33169 33175 33189 33195 33209     0     0     0     0
aug03 500 xzscan   6 33101 33105 33129 33131 33150 33153     0     0     0     0
aug03 500 xnzscan  6 33101 33171 33173 33191 33193 33211     0     0     0     0
aug03 620 xzscan   0     0     0     0     0     0     0     0     0     0     0
aug03 620 xnzscan  0     0     0     0     0     0     0     0     0     0     0
apr03 337 xzscan   6 31256 31266 31290 31292 31319 31321	 0     0     0     0
apr03 337 xnzscan  5 31255 31348 31372 31374 31389	   0     0     0     0     0
apr03 365 xzscan   7 31258 31268 31288 31294 31298 31317 31323     0     0     0
apr03 365 xnzscan  5 31258 31350 31370 31376 31391     0     0     0     0     0
apr03 386 xzscan   6 31260 31270 31286 31296 31313 31327     0     0     0     0
apr03 386 xnzscan  5 31260 31353 31368 31378 31393     0     0     0     0     0
apr03 420 xzscan   6 31262 31272 31283 31302 31311 31329     0     0     0     0
apr03 420 xnzscan  5 31262 31355 31365 31380 31395     0     0     0     0     0
apr03 500 xzscan   6 31264 31274 31280 31300 31308 31331     0     0     0     0
apr03 500 xnzscan  6 31264 31357 31363 31382 31397 31403     0     0     0     0
apr03 620 xzscan   6 31251 31276 31278 31304 31306 31333     0     0     0     0
apr03 620 xnzscan  5 31251 31359 31361 31401 31399     0     0     0     0     0
jan03 337 xzscan   6 28588 29261 29263 29281 29283 29301     0     0     0     0
jan03 337 xnzscan  5 28588 29333 29361 29380 29392     0     0     0     0     0
jan03 365 xzscan   6 28592 29259 29265 29279 29285 29299     0     0     0     0
jan03 365 xnzscan  5 28592 29335 29350 29376 29394     0     0     0     0     0
jan03 386 xzscan   6 28594 29257 29267 29277 29287 29297     0     0     0     0
jan03 386 xnzscan  5 28594 29327 29337 29374 29388     0     0     0     0     0
jan03 420 xzscan   6 28596 29255 29269 29275 29289 29295     0     0     0     0
jan03 420 xnzscan  5 28596 29339 29365 29372 29386     0     0     0     0     0
jan03 500 xzscan  10 28598 29253 29271 29273 29291 29293 29317 29315 29309 29307
jan03 500 xnzscan  5 28598 29341 29368 29370 29384     0     0     0     0     0
jan03 620 xzscan   6 28602 29319 29313 29311 29305 29303     0     0     0     0
jan03 620 xnzscan  5 28602 29343 29348 29378 29390     0     0     0     0     0
oct02 337 xzscan   5 27278 27297 27304 27324 27338     0	 0     0	 0     0
oct02 337 xnzscan  5 27278 27366 27391 27397 27413     0	 0     0	 0     0
oct02 365 xzscan   5 27286 27295 27306 27322 27340     0	 0     0	 0     0
oct02 365 xnzscan  5 27286 27368 27389 27395 27411     0	 0     0	 0     0
oct02 386 xzscan   5 27284 27293 27308 27320 27331     0	 0     0	 0     0
oct02 386 xnzscan  5 27284 27370 27387 27399 27409     0	 0     0	 0     0
oct02 420 xzscan   5 27282 27291 27310 27318 27333     0	 0     0	 0     0
oct02 420 xnzscan  5 27282 27372 27385 27401 27407     0	 0     0	 0     0
oct02 500 xzscan   5 27280 27288 27313 27315 27336     0	 0     0	 0     0
oct02 500 xnzscan  5 27280 27288 27313 27315 27336     0	 0     0	 0     0
oct02 620 xzscan   5 27276 27300 27302 27327 27329     0	 0     0	 0     0
oct02 620 xnzscan  5 27276 27378 27381 27393 27475     0	 0     0	 0     0
may02 337 xzscan   5 25038 25050 25069 25071 25083     0     0	   0     0     0
may02 337 xnzscan  5 24985 24987 25012 25028 25083     0     0	   0	 0     0
may02 365 xzscan   5 25073 25065 25042 25040 25085     0     0	   0	 0     0
may02 365 xnzscan  5 24989 24983 25014 25022 25085     0     0	   0	 0     0
may02 386 xzscan   5 25075 25067 25044 25036 25087     0     0	   0	 0     0
may02 386 xnzscan  5 24991 24980 25008 25024 25087     0     0	   0	 0     0
may02 420 xzscan   5 25077 25061 25046 25032 25089     0     0	   0	 0     0
may02 420 xnzscan  5 24993 24978 25006 25026 25089     0     0	   0	 0     0
may02 500 xzscan   5 25079 25059 25057 25048 25030     0     0	   0	 0     0
may02 500 xnzscan  5 24995 24976 25001 25004 25018     0     0	   0	 0     0
may02 620 xzscan   5 25081 25063 25054 25034 25093     0     0	   0	 0     0
may02 620 xnzscan  5 24997 24974 25016 25020 25093     0     0	   0	 0     0
sep01 337 xzscan   8 21226 21363 21361 21283 21301 21320 21303 21100     0     0
sep01 337 xnzscan  5 21322 21337 21347 21349 21539     0     0     0     0     0
sep01 365 xzscan   6 21224 21365 21259 21288 21299 21308     0     0     0     0
sep01 365 xnzscan  5 21098 21324 21335 21345 21351     0     0     0     0     0
sep01 386 xzscan   6 21222 21367 21257 21291 21297 21310     0     0     0     0
sep01 386 xnzscan  4 21327 21333 21343 21353     0     0     0     0     0     0
sep01 420 xzscan   6 21437 21429 21422 21467 21478 21480     0     0     0     0
sep01 420 xnzscan  5 21451 21439 21457 21465 21532     0     0     0     0     0
sep01 500 xzscan   7 21220 21369 21359 21293 21295 21312 21314     0     0     0
sep01 500 xnzscan  8 21449 21445 21459 21461 21329 21331 21341 21355     0     0
sep01 620 xzscan   6 21435 21279 21427 21425 21469 21482     0     0     0     0
sep01 620 xnzscan  5 21453 21443 21455 21463 21534     0     0     0     0     0
sep00 337 xzscan   9 12654 12662 12726 12664 12674 12676 12728 12703 12710     0
sep00 337 xnzscan  7 12740 12751 12753 13242 13257 13277 13283     0     0     0
sep00 365 xzscan   8 12838 12840 12943 12854 12856 12870 12945 12872     0     0
sep00 365 xnzscan  6 12961 12975 13240 13253 13259 13275     0     0     0     0
sep00 386 xzscan   7 12652 12660 12724 12666 12672 12678 12701     0     0     0
sep00 386 xnzscan  6 12742 12749 12755 13261 13273 13285     0     0     0     0
sep00 420 xzscan   9 12834 12844 12939 12850 12860 12866 12949 12876 12882     0
sep00 420 xnzscan  4 12965 12971 13236 13255     0     0     0     0     0     0
sep00 500 xzscan   9 12656 12658 12722 12668 12670 12697 12732 12699 12714     0
sep00 500 xnzscan  8 12744 12746 12759 12967 12969 13234 13265 13269     0     0
sep00 620 xzscan   9 12836 12842 12941 12852 12858 12868 12947 12874 12884     0
sep00 620 xnzscan  3 12963 12973 13281     0     0     0     0     0     0     0
