From the ESTAR web site (NIST). CSDA is "Continuously Slowing Down
Approximation". "D." is Density. For lower energyies see
ElectronsInGasLow.txt (but all of the information is not available then).

Electron in CounterGas
Density: 	0.0019 (g/cm3)
Mean Excitation Energy: 	83.5 (eV)
Atomic Constituents: 	
He 	0.2049
CF4 	0.7951

ESTAR: Stopping Powers and Range Tables for Electrons

Counter Gas (Density=0.0019 g/cm3) (I=87.7 eV)

Kinetic    Collision Radiative Total     CSDA      Radiation D. Effect 
Energy     Stp. Pow. Stp. Pow. Stp. Pow. Range     Yield     Parameter 
MeV        MeV cm2/g MeV cm2/g MeV cm2/g g/cm2                         

 1.000E-02 1.897E+01 3.665E-03 1.898E+01 3.004E-04 1.052E-04 0.000E+00 
 1.250E-02 1.598E+01 3.699E-03 1.598E+01 4.446E-04 1.267E-04 0.000E+00 
 1.500E-02 1.388E+01 3.721E-03 1.389E+01 6.129E-04 1.472E-04 0.000E+00 
 1.750E-02 1.233E+01 3.736E-03 1.233E+01 8.044E-04 1.670E-04 0.000E+00 
 2.000E-02 1.112E+01 3.747E-03 1.113E+01 1.018E-03 1.861E-04 0.000E+00 
 2.500E-02 9.376E+00 3.763E-03 9.380E+00 1.510E-03 2.227E-04 0.000E+00 
 3.000E-02 8.165E+00 3.777E-03 8.168E+00 2.083E-03 2.576E-04 0.000E+00 
 3.500E-02 7.272E+00 3.788E-03 7.276E+00 2.733E-03 2.911E-04 0.000E+00 
 4.000E-02 6.585E+00 3.799E-03 6.589E+00 3.456E-03 3.233E-04 0.000E+00 
 4.500E-02 6.040E+00 3.811E-03 6.044E+00 4.249E-03 3.544E-04 0.000E+00 
 5.000E-02 5.596E+00 3.824E-03 5.600E+00 5.110E-03 3.847E-04 0.000E+00 
 5.500E-02 5.227E+00 3.838E-03 5.231E+00 6.034E-03 4.141E-04 0.000E+00 
 6.000E-02 4.915E+00 3.852E-03 4.919E+00 7.021E-03 4.428E-04 0.000E+00 
 7.000E-02 4.418E+00 3.883E-03 4.422E+00 9.169E-03 4.983E-04 0.000E+00 
 8.000E-02 4.038E+00 3.918E-03 4.042E+00 1.154E-02 5.515E-04 0.000E+00 
 9.000E-02 3.738E+00 3.956E-03 3.742E+00 1.411E-02 6.028E-04 0.000E+00 
 1.000E-01 3.495E+00 3.997E-03 3.499E+00 1.688E-02 6.525E-04 0.000E+00 
 1.250E-01 3.052E+00 4.112E-03 3.056E+00 2.455E-02 7.710E-04 0.000E+00 
 1.500E-01 2.753E+00 4.240E-03 2.757E+00 3.319E-02 8.829E-04 0.000E+00 
 1.750E-01 2.538E+00 4.379E-03 2.542E+00 4.265E-02 9.897E-04 0.000E+00 
 2.000E-01 2.377E+00 4.528E-03 2.381E+00 5.282E-02 1.093E-03 0.000E+00 
 2.500E-01 2.152E+00 4.851E-03 2.157E+00 7.496E-02 1.289E-03 0.000E+00 
 3.000E-01 2.006E+00 5.204E-03 2.011E+00 9.902E-02 1.478E-03 0.000E+00 
 3.500E-01 1.904E+00 5.581E-03 1.910E+00 1.246E-01 1.660E-03 0.000E+00 
 4.000E-01 1.831E+00 5.982E-03 1.837E+00 1.513E-01 1.839E-03 0.000E+00 
 4.500E-01 1.776E+00 6.402E-03 1.783E+00 1.789E-01 2.015E-03 0.000E+00 
 5.000E-01 1.735E+00 6.842E-03 1.741E+00 2.073E-01 2.189E-03 0.000E+00 
 5.500E-01 1.703E+00 7.299E-03 1.710E+00 2.363E-01 2.363E-03 0.000E+00 
 6.000E-01 1.678E+00 7.771E-03 1.685E+00 2.658E-01 2.536E-03 0.000E+00 
 7.000E-01 1.643E+00 8.757E-03 1.651E+00 3.258E-01 2.882E-03 0.000E+00 
 8.000E-01 1.621E+00 9.794E-03 1.630E+00 3.867E-01 3.228E-03 0.000E+00 
 9.000E-01 1.607E+00 1.088E-02 1.618E+00 4.483E-01 3.577E-03 0.000E+00 
 1.000E+00 1.599E+00 1.200E-02 1.611E+00 5.103E-01 3.927E-03 0.000E+00 
 1.250E+00 1.594E+00 1.499E-02 1.609E+00 6.657E-01 4.817E-03 0.000E+00 
 1.500E+00 1.599E+00 1.819E-02 1.618E+00 8.207E-01 5.727E-03 0.000E+00 
 1.750E+00 1.610E+00 2.156E-02 1.631E+00 9.746E-01 6.655E-03 0.000E+00 
 2.000E+00 1.622E+00 2.507E-02 1.647E+00 1.127E+00 7.600E-03 0.000E+00 
 2.500E+00 1.649E+00 3.247E-02 1.682E+00 1.428E+00 9.531E-03 0.000E+00 
 3.000E+00 1.676E+00 4.026E-02 1.716E+00 1.722E+00 1.151E-02 0.000E+00 
 3.500E+00 1.701E+00 4.836E-02 1.750E+00 2.010E+00 1.351E-02 0.000E+00 
 4.000E+00 1.724E+00 5.674E-02 1.781E+00 2.294E+00 1.554E-02 0.000E+00 
 4.500E+00 1.746E+00 6.534E-02 1.811E+00 2.572E+00 1.759E-02 0.000E+00 
 5.000E+00 1.766E+00 7.414E-02 1.840E+00 2.846E+00 1.965E-02 0.000E+00 
 5.500E+00 1.784E+00 8.312E-02 1.867E+00 3.115E+00 2.172E-02 0.000E+00 
 6.000E+00 1.802E+00 9.227E-02 1.894E+00 3.381E+00 2.379E-02 0.000E+00 
 7.000E+00 1.833E+00 1.110E-01 1.944E+00 3.902E+00 2.795E-02 0.000E+00 
 8.000E+00 1.860E+00 1.301E-01 1.990E+00 4.411E+00 3.211E-02 0.000E+00 
 9.000E+00 1.885E+00 1.497E-01 2.034E+00 4.908E+00 3.627E-02 0.000E+00 
 1.000E+01 1.907E+00 1.696E-01 2.077E+00 5.394E+00 4.041E-02 0.000E+00 
 1.250E+01 1.955E+00 2.206E-01 2.175E+00 6.570E+00 5.065E-02 0.000E+00 
 1.500E+01 1.994E+00 2.730E-01 2.267E+00 7.695E+00 6.070E-02 0.000E+00 
 1.750E+01 2.028E+00 3.264E-01 2.354E+00 8.777E+00 7.054E-02 0.000E+00 
 2.000E+01 2.057E+00 3.806E-01 2.437E+00 9.821E+00 8.016E-02 0.000E+00 
 2.500E+01 2.106E+00 4.909E-01 2.597E+00 1.181E+01 9.869E-02 0.000E+00 
 3.000E+01 2.145E+00 6.031E-01 2.748E+00 1.368E+01 1.163E-01 9.064E-03 
 3.500E+01 2.175E+00 7.167E-01 2.892E+00 1.545E+01 1.331E-01 6.346E-02 
 4.000E+01 2.199E+00 8.315E-01 3.030E+00 1.714E+01 1.491E-01 1.447E-01 
 4.500E+01 2.218E+00 9.471E-01 3.165E+00 1.875E+01 1.644E-01 2.382E-01 
 5.000E+01 2.234E+00 1.064E+00 3.297E+00 2.030E+01 1.791E-01 3.365E-01 
 5.500E+01 2.247E+00 1.181E+00 3.428E+00 2.179E+01 1.931E-01 4.357E-01 
 6.000E+01 2.259E+00 1.298E+00 3.558E+00 2.322E+01 2.066E-01 5.336E-01 
 7.000E+01 2.280E+00 1.535E+00 3.815E+00 2.594E+01 2.320E-01 7.215E-01 
 8.000E+01 2.296E+00 1.773E+00 4.070E+00 2.847E+01 2.554E-01 8.967E-01 
 9.000E+01 2.310E+00 2.013E+00 4.323E+00 3.086E+01 2.771E-01 1.059E+00 
 1.000E+02 2.323E+00 2.253E+00 4.576E+00 3.310E+01 2.973E-01 1.209E+00 
 1.250E+02 2.348E+00 2.859E+00 5.206E+00 3.822E+01 3.422E-01 1.539E+00 
 1.500E+02 2.367E+00 3.468E+00 5.835E+00 4.276E+01 3.806E-01 1.819E+00 
 1.750E+02 2.384E+00 4.080E+00 6.464E+00 4.682E+01 4.139E-01 2.061E+00 
 2.000E+02 2.398E+00 4.694E+00 7.092E+00 5.052E+01 4.430E-01 2.273E+00 
 2.500E+02 2.420E+00 5.929E+00 8.349E+00 5.701E+01 4.919E-01 2.633E+00 
 3.000E+02 2.439E+00 7.168E+00 9.607E+00 6.258E+01 5.314E-01 2.933E+00 
 3.500E+02 2.454E+00 8.411E+00 1.087E+01 6.748E+01 5.641E-01 3.189E+00 
 4.000E+02 2.467E+00 9.657E+00 1.212E+01 7.183E+01 5.918E-01 3.414E+00 
 4.500E+02 2.478E+00 1.091E+01 1.338E+01 7.575E+01 6.156E-01 3.614E+00 
 5.000E+02 2.488E+00 1.215E+01 1.464E+01 7.932E+01 6.363E-01 3.795E+00 
 5.500E+02 2.497E+00 1.341E+01 1.590E+01 8.260E+01 6.545E-01 3.961E+00 
 6.000E+02 2.505E+00 1.466E+01 1.716E+01 8.562E+01 6.707E-01 4.113E+00 
 7.000E+02 2.519E+00 1.717E+01 1.969E+01 9.106E+01 6.982E-01 4.386E+00 
 8.000E+02 2.531E+00 1.968E+01 2.221E+01 9.584E+01 7.209E-01 4.625E+00 
 9.000E+02 2.542E+00 2.219E+01 2.473E+01 1.001E+02 7.399E-01 4.840E+00 
 1.000E+03 2.551E+00 2.470E+01 2.726E+01 1.040E+02 7.561E-01 5.033E+00 
---------------------------------------------
0.0019

density
