0.     -41.27106 0.         0.00111174  0.
1.     -41.31871 -1.349e-8 0.00111646  1.861403e-12
2.     -41.47061 -0.00063  0.00113179  8.780050e-8
3.     -41.75925 -0.02307  0.00116194  3.154526e-6
4.     -42.19415 -0.13884  0.00120773  0.0000188
5.     -42.72195 -0.40930  0.00126131  0.0000549
6.     -43.27305 -0.84657  0.00131278  0.0001124
7.     -43.79527 -1.43181  0.00135498  0.0001874
8.     -44.25734 -2.13625  0.00138389  0.0002752
9.     -44.64315 -2.93154  0.00139779  0.0003709
10.    -44.94592 -3.79315  0.00139642  0.0004703
11.    -45.16434 -4.70083  0.00138040  0.0005702
12.    -45.30017 -5.63821  0.00135083  0.0006677
13.    -45.35686 -6.59206  0.00130911  0.0007608
14.    -45.33874 -7.55170  0.00125677  0.0008478
15.    -45.25059 -8.50847  0.00119539  0.0009276
16.    -45.09737 -9.45532  0.00112654  0.0009993
17.    -44.88403 -10.3865  0.00105173  0.0010624
18.    -44.61547 -11.2974  0.00097241  0.0011167
19.    -44.29643 -12.1842  0.00088991  0.0011620
20.    -43.93150 -13.0439  0.00080547  0.0011984
21.    -43.52510 -13.8742  0.00072020  0.0012263
22.    -43.08142 -14.6732  0.00063509  0.0012460
23.    -42.60447 -15.4395  0.00055100  0.0012580
24.    -42.09803 -16.1721  0.00046870  0.0012627
25.    -41.56568 -16.8705  0.00038880  0.0012607
26.    -41.01079 -17.5343  0.00031184  0.0012527
27.    -40.43651 -18.1634  0.00023823  0.0012392
28.    -39.84579 -18.7581  0.00016829  0.0012208
29.    -39.24138 -19.3186  0.00010227  0.0011981
30.    -38.62582 -19.8454  0.00004033  0.0011718
31.    -38.00148 -20.3393  -0.0000174  0.0011423
32.    -37.37053 -20.8009  -0.0000709  0.0011101
33.    -36.73496 -21.2311  -0.0001203  0.0010758
34.    -36.09661 -21.6309  -0.0001656  0.0010398
35.    -35.45713 -22.0012  -0.0002068  0.0010025
36.    -34.81805 -22.3430  -0.0002441  0.0009643
37.    -34.18072 -22.6575  -0.0002776  0.0009255
38.    -33.54638 -22.9457  -0.0003076  0.0008864
39.    -32.91614 -23.2086  -0.0003341  0.0008472
40.    -32.29098 -23.4474  -0.0003575  0.0008084
41.    -31.67177 -23.6632  -0.0003777  0.0007699
42.    -31.05928 -23.8570  -0.0003952  0.0007320
43.    -30.45419 -24.0299  -0.0004100  0.0006948
44.    -29.85709 -24.1830  -0.0004224  0.0006585
45.    -29.26848 -24.3172  -0.0004324  0.0006232
46.    -28.68878 -24.4335  -0.0004405  0.0005889
47.    -28.11836 -24.5329  -0.0004466  0.0005557
48.    -27.55752 -24.6163  -0.0004509  0.0005236
49.    -27.00650 -24.6847  -0.0004537  0.0004927
50.    -26.46549 -24.7388  -0.0004550  0.0004630
51.    -25.93463 -24.7796  -0.0004551  0.0004345
52.    -25.41403 -24.8077  -0.0004540  0.0004073
53.    -24.90374 -24.8240  -0.0004518  0.0003812
54.    -24.40380 -24.8292  -0.0004487  0.0003563
55.    -23.91421 -24.8239  -0.0004448  0.0003326
56.    -23.43493 -24.8089  -0.0004402  0.0003100
57.    -22.96592 -24.7848  -0.0004350  0.0002885
58.    -22.50711 -24.7521  -0.0004292  0.0002681
59.    -22.05839 -24.7115  -0.0004230  0.0002488
60.    -21.61966 -24.6635  -0.0004163  0.0002305
61.    -21.19080 -24.6085  -0.0004093  0.0002131
62.    -20.77168 -24.5471  -0.0004021  0.0001967
63.    -20.36215 -24.4798  -0.0003946  0.0001812
64.    -19.96206 -24.4069  -0.0003869  0.0001666
65.    -19.57125 -24.3289  -0.0003791  0.0001528
66.    -19.18954 -24.2461  -0.0003712  0.0001397
67.    -18.81678 -24.1590  -0.0003632  0.0001275
68.    -18.45278 -24.0678  -0.0003552  0.0001159
69.    -18.09737 -23.9729  -0.0003472  0.0001051
70.    -17.75036 -23.8746  -0.0003392  0.0000949
71.    -17.41158 -23.7732  -0.0003312  0.0000853
72.    -17.08085 -23.6689  -0.0003233  0.0000762
73.    -16.75797 -23.5621  -0.0003154  0.0000678
74.    -16.44278 -23.4529  -0.0003077  0.0000598
75.    -16.13509 -23.3415  -0.0003000  0.0000524
76.    -15.83472 -23.2283  -0.0002925  0.0000454
77.    -15.54150 -23.1133  -0.0002851  0.0000389
78.    -15.25525 -22.9968  -0.0002778  0.0000328
79.    -14.97580 -22.8789  -0.0002706  0.0000271
80.    -14.70298 -22.7599  -0.0002636  0.0000218
81.    -14.43662 -22.6397  -0.0002567  0.0000168
82.    -14.17656 -22.5187  -0.0002500  0.0000122
83.    -13.92264 -22.3969  -0.0002434  7.8935741-6
84.    -13.67470 -22.2745  -0.0002369  3.8596105-6
85.    -13.43258 -22.1515  -0.0002306  1.0403048e-7
86.    -13.19614 -22.0282  -0.0002245  -3.3894844e-6
87.    -12.96522 -21.9045  -0.0002185  -6.636381e-6
88.    -12.73968 -21.7806  -0.0002126  -9.651273e-6
89.    -12.51938 -21.6565  -0.0002069  -0.000012447
90.    -12.30419 -21.5324  -0.0002013  -0.000015039
91.    -12.09396 -21.4083  -0.0001959  -0.000017438
92.    -11.88856 -21.2844  -0.0001907  -0.000019655
93.    -11.68787 -21.1606  -0.0001855  -0.000021703
94.    -11.49176 -21.0370  -0.0001805  -0.000023591
95.    -11.30012 -20.9137  -0.0001757  -0.000025328
96.   -11.11281 -20.7908  -0.0001709  -0.000026925
97.    -10.92974 -20.6682  -0.0001664  -0.000028390
98.    -10.75077 -20.5461  -0.0001619  -0.000029730
99.    -10.57582 -20.4245  -0.0001576  -0.000030955
100.   -10.40476 -20.3033  -0.0001533  -0.000032071
101.   -10.23750 -20.1828  -0.0001492  -0.000033084
102.   -10.07394 -20.0628  -0.0001453  -0.000034002
103.   -9.913975 -19.9434  -0.0001414  -0.000034830
104.   -9.757512 -19.8247  -0.0001376  -0.000035574
105.   -9.604465 -19.7066  -0.0001340  -0.000036240
106.   -9.454736 -19.5892  -0.0001305  -0.000036832
107.   -9.308239 -19.4726  -0.0001270  -0.000037356
108.   -9.164895 -19.3566  -0.0001237  -0.000037815
109.   -9.024620 -19.2415  -0.0001204  -0.000038214
110.   -8.887332 -19.1271  -0.0001173  -0.000038557
111.   -8.752956 -19.0134  -0.0001142  -0.000038848
112.   -8.621415 -18.9006  -0.0001113  -0.000039090
113.   -8.492636 -18.7885  -0.0001084  -0.000039286
114.   -8.366549 -18.6773  -0.0001056  -0.000039439
115.   -8.243084 -18.5669  -0.0001029  -0.000039553
116.   -8.122174 -18.4573  -0.0001002  -0.000039630
117.   -8.003754 -18.3486  -0.0000977  -0.000039673
118.   -7.887761 -18.2407  -0.0000952  -0.000039683
119.   -7.774133 -18.1336  -0.0000928  -0.000039664
120.   -7.662810 -18.0274  -0.0000904  -0.000039618
121.   -7.553736 -17.9221  -0.0000881  -0.000039546
122.   -7.446853 -17.8175  -0.0000859  -0.000039450
123.   -7.342106 -17.7139  -0.0000838  -0.000039332
124.   -7.239443 -17.6111  -0.0000817  -0.000039194
125.   -7.138812 -17.5091  -0.0000797  -0.000039037
126.   -7.040162 -17.4080  -0.0000777  -0.000038863
127.   -6.943446 -17.3078  -0.0000758  -0.000038673
128.   -6.848615 -17.2084  -0.0000739  -0.000038468
129.   -6.755624 -17.1099  -0.0000721  -0.000038250
130.   -6.664427 -17.0122  -0.0000704  -0.000038020
131.   -6.574982 -16.9153  -0.0000686  -0.000037778
132.   -6.487246 -16.8193  -0.0000670  -0.000037526
133.   -6.401178 -16.7241  -0.0000654  -0.000037264
134.   -6.316739 -16.6297  -0.0000638  -0.000036994
135.   -6.233888 -16.5362  -0.0000623  -0.000036717
136.   -6.152590 -16.4435  -0.0000608  -0.000036432
137.   -6.072806 -16.3516  -0.0000594  -0.000036141
138.   -5.994502 -16.2605  -0.0000580  -0.000035845
139.  -5.917642 -16.1702  -0.0000566  -0.000035544
140.   -5.842193 -16.0807  -0.0000553  -0.000035239
141.   -5.768123 -15.9921  -0.0000540  -0.000034929
142.  -5.695399 -15.9042  -0.0000528  -0.000034617
143.   -5.623989 -15.8171  -0.0000515  -0.000034302
144.   -5.553865 -15.7307  -0.0000504  -0.000033984
145.   -5.484997 -15.6452  -0.0000492  -0.000033665
146.  -5.417355 -15.5604  -0.0000481  -0.000033344
147.   -5.350913 -15.4763  -0.0000470  -0.000033021
148.   -5.285643 -15.3931  -0.0000459  -0.000032698
149.   -5.221519 -15.3105  -0.0000449  -0.000032375
150.   -5.158515 -15.2287  -0.0000439  -0.000032051
151.   -5.096607 -15.1476  -0.0000429  -0.000031727
152.   -5.035769 -15.0673  -0.0000420  -0.000031404
153.   -4.975979 -14.9877  -0.0000411  -0.000031081
154.   -4.917212 -14.9087  -0.0000402  -0.000030759
155.   -4.859448 -14.8305  -0.0000393  -0.000030438
156.   -4.802664 -14.7530  -0.0000384  -0.000030118
157.   -4.746838 -14.6762  -0.0000376  -0.000029799
158.   -4.691951 -14.6001  -0.0000368  -0.000029482
159.   -4.637981 -14.5246  -0.0000360  -0.000029166
160.   -4.584909 -14.4498  -0.0000352  -0.000028852
161.   -4.532717 -14.3757  -0.0000345  -0.000028540
162.   -4.481384 -14.3023  -0.0000337  -0.000028230
163.   -4.430894 -14.2294  -0.0000330  -0.000027922
164.   -4.381228 -14.1573  -0.0000323  -0.000027616
165.   -4.332369 -14.0857  -0.0000316  -0.000027313
166.   -4.284300 -14.0149  -0.0000310  -0.000027012
167.   -4.237005 -13.9446  -0.0000303  -0.000026713
168.  -4.190468 -13.8749  -0.0000297  -0.000026417
169.   -4.144673 -13.8059  -0.0000291  -0.000026124
170.   -4.099605 -13.7375  -0.0000285  -0.000025833
171.   -4.055248 -13.6696  -0.0000279  -0.000025544
172.   -4.011590 -13.6024  -0.0000274  -0.000025259
173.   -3.968614 -13.5357  -0.0000268  -0.000024976
174.   -3.926308 -13.4696  -0.0000263  -0.000024695
175.   -3.884658 -13.4041  -0.0000257  -0.000024418
176.   -3.843651 -13.3392  -0.0000252  -0.000024143
177.   -3.803275 -13.2748  -0.0000247  -0.000023872
178.  -3.763516 -13.2110  -0.0000242  -0.000023603
179.   -3.724362 -13.1478  -0.0000237  -0.000023337
180.   -3.685802 -13.0850  -0.0000233  -0.000023073
181.   -3.647824 -13.0228  -0.0000228  -0.000022813
182.  -3.610416 -12.9612  -0.0000224  -0.000022556
183.   -3.573568 -12.9001  -0.0000219  -0.000022301
184.   -3.537268 -12.8395  -0.0000215  -0.000022049
185.   -3.501506 -12.7794  -0.0000211  -0.000021800
186.   -3.466272 -12.7198  -0.0000207  -0.000021554
187.   -3.431556 -12.6607  -0.0000203  -0.000021311
188.   -3.397347 -12.6021  -0.0000199  -0.000021070
189.   -3.363637 -12.5440  -0.0000195  -0.000020833
190.   -3.330415 -12.4864  -0.0000192  -0.000020598
191.   -3.297673 -12.4293  -0.0000188  -0.000020366
192.   -3.265401 -12.3727  -0.0000185  -0.000020137
193.   -3.233591 -12.3165  -0.0000181  -0.000019910
194.   -3.202235 -12.2608  -0.0000178  -0.000019686
195.   -3.171323 -12.2055  -0.0000174  -0.000019465
196.   -3.140848 -12.1508  -0.0000171  -0.000019247
197.   -3.110801 -12.0964  -0.0000168  -0.000019031
198.   -3.081175 -12.0425  -0.0000165  -0.000018818
199.  -3.051962 -11.9891  -0.0000162  -0.000018608
200.   -3.023155 -11.9361  -0.0000159  -0.000018400
201.   -2.994747 -11.8835  -0.0000156  -0.000018195
202.  -2.966730 -11.8313  -0.0000153  -0.000017992
203.   -2.939096 -11.7796  -0.0000151  -0.000017792
204.   -2.911840 -11.7283  -0.0000148  -0.000017594
205.   -2.884954 -11.6774  -0.0000145  -0.000017399
206.   -2.858432 -11.6269  -0.0000143  -0.000017206
207.   -2.832268 -11.5768  -0.0000140  -0.000017016
208.   -2.806455 -11.5271  -0.0000138  -0.000016828
209.   -2.780987 -11.4778  -0.0000135  -0.000016643
210.   -2.755859 -11.4289  -0.0000133  -0.000016459
211.   -2.731064 -11.3804  -0.0000131  -0.000016279
212.   -2.706596 -11.3323  -0.0000128  -0.000016100
213.   -2.682450 -11.2846  -0.0000126  -0.000015924
214.   -2.658620 -11.2372  -0.0000124  -0.000015750
215.   -2.635102 -11.1902  -0.0000122  -0.000015578
216.   -2.611889 -11.1435  -0.0000120  -0.000015408
217.   -2.588976 -11.0973  -0.0000118  -0.000015241
218.   -2.566358 -11.0514  -0.0000116  -0.000015076
219.   -2.544032 -11.0058  -0.0000114  -0.000014912
220.   -2.521990 -10.9606  -0.0000112  -0.000014751
221.   -2.500230 -10.9157  -0.0000110  -0.000014592
222.   -2.478746 -10.8712  -0.0000108  -0.000014435
223.   -2.457533 -10.8270  -0.0000106  -0.000014280
224.   -2.436587 -10.7832  -0.0000105  -0.000014127
225.   -2.415904 -10.7397  -0.0000103  -0.000013976
226.   -2.395479 -10.6965  -0.0000101  -0.000013827
227.   -2.375309 -10.6537  -0.0000100  -0.000013680
228.   -2.355388 -10.6112  -9.8495547e-6 -0.000013534
229.   -2.335713 -10.5690  -9.6903914e-6 -0.000013391
230.   -2.316281 -10.5271  -9.5343798e-6 -0.000013249
231.   -2.297086 -10.4855  -9.3814465e-6 -0.000013109
232.   -2.278125 -10.4442  -9.2315201e-6 -0.000012971
233.   -2.259396 -10.4033  -9.0845311e-6 -0.000012835
234.   -2.240893 -10.3626  -8.9404119e-6 -0.000012701
235.   -2.222613 -10.3223  -8.7990966e-6  -0.000012568
236.   -2.204553 -10.2822  -8.6605211e-6 -0.000012437
237.   -2.186709 -10.2424  -8.5246230e-6 -0.000012307
238.   -2.169078 -10.2030  -8.3913411e-6  -0.000012179
239.   -2.151657 -10.1638  -8.2606164e-6 -0.000012053
240.   -2.134442 -10.1249  -8.1323911e-6 -0.000011928
241.   -2.117430 -10.0863  -8.0066090e-6  -0.000011805
242.   -2.100618 -10.0479  -7.8832153e-6 -0.000011684
243.   -2.084003 -10.0099  -7.7621565e-6 -0.000011564
244.   -2.067581 -9.97212  -7.6433807e-6 -0.000011445
245.   -2.051351 -9.93460  -7.5268371e-6 -0.000011328
246.   -2.035308 -9.89736  -7.4124764e-6 -0.000011213
247.   -2.019451 -9.86037  -7.3002502e-6 -0.000011099
248.   -2.003776 -9.82365  -7.1901118e-6 -0.000010986
249.   -1.988281 -9.78719  -7.0820153e-6 -0.000010875
250.   -1.972962 -9.75099  -6.9759161e-6 -0.000010765
251.   -1.957818 -9.71504  -6.8717707e-6 -0.000010657
252.   -1.942845 -9.67935  -6.769536e-6  -0.000010550
253.   -1.928042 -9.64390  -6.669172e-6  -0.000010444
254.   -1.913405 -9.60870  -6.5706384e-6 -0.000010340
255.   -1.898932 -9.57375  -6.4738944e-6 -0.000010236
256.   -1.884621 -9.53904  -6.3789024e-6 -0.000010135
257.   -1.870469 -9.50457  -6.2856249e-6 -0.000010034
258.   -1.856474 -9.47034  -6.1940254e-6  -9.935085e-6
259.   -1.842634 -9.43635  -6.1040683e-6  -9.836963e-6
260.   -1.828946 -9.40258  -6.0157188e-6  -9.740051e-6
261.   -1.815409 -9.36905  -5.9289430e-6  -9.644331e-6
262.   -1.802019 -9.33575  -5.8437079e-6  -9.549787e-6
263.   -1.788776 -9.30267  -5.7599810e-6  -9.456402e-6
264.   -1.775677 -9.26982  -5.6777310e-6  -9.364161e-6
265.   -1.762719 -9.23719  -5.5969270e-6  -9.273047e-6
266.   -1.749901 -9.20478  -5.5175390e-6  -9.183045e-6
267.   -1.737221 -9.17259  -5.4395377e-6  -9.094139e-6
268.   -1.724677 -9.14061  -5.3628944e-6  -9.006313e-6
269.   -1.712267 -9.10885  -5.2875814e-6  -8.919554e-6
270.   -1.699989 -9.07730  -5.2135711e-6  -8.833845e-6
271.   -1.687841 -9.04596  -5.1408371e-6  -8.749173e-6
272.   -1.675821 -9.01483  -5.0693533e-6  -8.665522e-6
273.   -1.663928 -8.98390  -4.9990943e-6  -8.582879e-6
274.   -1.652161 -8.95318  -4.9300352e-6  -8.501230e-6
275.   -1.640516 -8.92266  -4.8621520e-6  -8.420560e-6
276.   -1.628992 -8.89233  -4.7954208e-6  -8.340857e-6
277.   -1.617589 -8.86221  -4.7298186e-6  -8.262107e-6
278.   -1.606303 -8.83228  -4.6653227e-6  -8.184296e-6
279.   -1.595135 -8.80255  -4.6019112e-6  -8.107412e-6
280.   -1.584081 -8.77301  -4.5395624e-6  -8.031442e-6
281.   -1.573140 -8.74366  -4.4782553e-6  -7.956373e-6
282.   -1.562312 -8.71450  -4.4179692e-6  -7.882192e-6
283.   -1.551594 -8.68553  -4.3586841e-6  -7.808888e-6
284.   -1.540984 -8.65674  -4.3003802e-6  -7.7364493e-6
285.   -1.530482 -8.62814  -4.2430385e-6  -7.664862e-6
286.   -1.520086 -8.59972  -4.1866399e-6  -7.594116e-6
287.   -1.509795 -8.57147  -4.1311663e-6  -7.5241993e-6
288.   -1.499607 -8.54341  -4.0765997e-6  -7.4551002e-6
289.   -1.489521 -8.51553  -4.0229224e-6  -7.3868078e-6
290.   -1.479535 -8.48782  -3.9701173e-6  -7.3193110e-6
291.   -1.469649 -8.46028  -3.9181677e-6  -7.2525989e-6
292.   -1.459860 -8.43292  -3.8670570e-6  -7.1866608e-6
293.   -1.450168 -8.40573  -3.8167694e-6  -7.1214862e-6
294.   -1.440571 -8.37871  -3.7672890e-6  -7.0570647e-6
295.   -1.431069 -8.35185  -3.7186006e-6  -6.9933860e-6
296.   -1.421659 -8.32517  -3.6706891e-6  -6.9304400e-6
297.   -1.412341 -8.29864  -3.623539e-6   -6.8682169e-6
298.   -1.403114 -8.27228  -3.577138e-6   -6.8067068e-6
299.   -1.393976 -8.24608  -3.531470e-6   -6.7459000e-6
300.   -1.384926 -8.22005  -3.486523e-6   -6.6857871e-6
#.END-OF-FILE
