oct15  337 xnz  6  233702 233706  2337029 2337032 2337035 2337039
oct15  337 xpz  6  233701 233704  233707  2337030 2337034 2337039
oct15  369 xnz  6  236902 236906  2369029 2369032 2369035 2369039
oct15  369 xpz  6  236901 236904  236907  2369030 2369034 2369039
oct15  385 xnz  6  238502 238506  2385029 2385032 2385035 2385039
oct15  385 xpz  6  238501 238504  238507  2385030 2385034 2385039
oct15  420 xnz  6  242002 242006  2420029 2420032 2420035 2420039
oct15  420 xpz  6  242001 242004  242007  2420030 2420034 2420039
oct15  505 xnz  6  250502 250506  2505029 2505032 2505035 2505039
oct15  505 xpz  6  250501 250504  250507  2505030 2505034 2505039
